4 7 79 3072 6035 6086 9111 187 3101 
1 4 4014 1009 7147 7059 
2 6 7059 10074 3857 1156 4159 4014 
2 5 11773 11874 11824 9863 6891 
2 4 9340 10323 7482 310 
2 6 6174 11080 181 3120 126 4640 
3 4 9206 9100 3060 3151 
3 3 11370 277 406 
4 6 9274 3393 13206 347 11301 11274 
4 5 6249 6326 3219 6459 310 
2 4 14 11029 9036 6072 
2 6 122 6145 9170 3059 6080 9204 
1 6 6118 9139 3183 111 133 3136 
4 7 9197 70 11059 9190 6057 90 11159 
2 10 11159 9118 3033 11092 155 11175 6021 94 9195 3189 
2 4 6181 9201 11117 3134 
4 6 121 252 6356 9278 9378 6380 
2 9 9131 11189 9207 81 11083 3163 9107 172 3140 
4 10 9258 11393 11240 257 3196 3246 6226 9365 9243 11225 
4 8 11225 11377 11256 227 12172 3289 273 1278 
4 6 9292 12157 10329 10142 12117 1278 
2 5 9292 1233 12287 10133 1821 
2 10 6338 260 9336 3251 3300 6388 6278 6217 7359 9293 
3 6 7375 11352 7346 12203 9293 370 
2 4 9131 2996 11143 3056 
1 4 1821 9553 1750 12696 
4 3 9292 1327 1292 
4 8 1292 1775 1294 1694 7874 10568 1709 10696 
4 6 10696 12679 1733 1860 7825 7274 
4 9 12691 4724 7815 7886 4793 4789 12536 4866 7274 
4 8 12691 12621 1876 1813 10549 10661 12540 4797 
4 9 4797 1762 4837 10528 7816 1696 4705 7751 12641 
2 5 12299 4424 7427 4412 10297 
1 15 7408 1427 12122 12220 4388 1308 1281 12201 1394 1337 4371 7236 12131 1279 7329 
1 9 7408 10250 10221 12173 10411 7572 7353 7492 1488 
1 4 1330 12127 4336 1403 
1 4 1330 10154 10283 10344 
1 7 1330 12127 1417 12256 4626 4585 1492 
1 5 1492 7469 12464 1082 4425 
1 2 1185 4075 
1 4 1522 4501 7446 7606 
1 6 6981 3970 3839 3895 9885 11771 
2 3 9843 11761 10068 
1 7 11771 6951 11815 9835 6837 11886 3900 
1 6 10068 9969 11996 11980 7189 1069 
2 5 9843 4140 12026 7109 4190 
1 5 1069 12045 4071 7089 10000 
2 5 4190 4093 12078 12344 1519 
2 5 1069 4037 12015 9956 12055 
1 4 11913 4148 1001 11916 
1 3 11913 11982 7120 
1 5 9974 7058 1096 11991 7191 
2 6 4190 1188 1169 4144 4114 7656 
2 9 4619 7167 10462 7580 7568 12012 10364 9958 7656 
1 4 4619 4631 9999 7097 
1 3 3992 7653 1628 
1 5 7656 10098 7085 7025 12055 
4 5 12068 1091 11959 7214 7186 
1 5 9970 1120 12095 1047 7108 
1 3 12010 11968 11929 
1 3 7260 7344 10201 
1 7 10837 10922 1982 2065 1922 7953 5005 
1 5 10837 12818 8093 10385 7602 
1 2 2089 8001 
1 4 8001 2004 7994 2097 
1 4 2097 3795 1600 10106 
1 2 12473 3889 
1 5 12473 7140 1056 4550 4111 
1 2 4111 792 
1 4 4206 1201 1065 1074 
1 3 4111 1074 7170 
1 2 1086 4206 
1 5 11976 4017 10089 7151 7170 
1 6 4206 4088 4161 11979 1155 12049 
5 4 1572 12381 1480 11975 
5 3 1572 1584 7388 
5 6 10337 1500 12313 4507 4535 7552 
4 4 10337 12341 1927 12782 
2 4 5015 12369 6785 2042 
2 3 5015 10769 12835 
1 3 12835 7973 8003 
3 3 8003 10916 10830 
3 4 10830 12745 8097 10740 
4 6 12782 2019 12728 5038 10894 10740 
2 5 12835 12721 2083 5021 4956 
1 3 4956 1952 12721 
1 2 4956 10172 
3 3 2011 2008 10172 
3 4 10172 12804 10853 8003 
2 4 1965 12755 4887 13089 
4 5 3834 7920 5044 12791 10740 
2 4 4908 4977 1945 8057 
2 5 13089 12746 12873 10895 8057 
1 3 8032 2051 13089 
1 4 12753 8236 10889 12810 
1 3 10886 10842 12753 
5 3 7202 1547 11975 
1 7 7622 10498 7451 10374 4476 7546 1550 
2 3 8252 5051 12798 
1 3 12604 12617 7692 
1 3 4543 10373 10334 
1 6 7839 2197 5195 2203 2211 8241 
2 5 7798 4776 12932 12924 12910 
2 8 7798 12576 7755 1667 10455 10682 12435 12406 
2 6 7564 7535 7522 4481 12308 7651 
1 5 7669 1431 12104 1454 4441 
1 4 12364 1555 4573 7621 
1 5 12364 10402 12394 12409 1639 
1 4 12364 10402 12394 10418 
1 7 12364 12351 10390 8208 5184 12970 8215 
1 3 8215 10992 650 
1 2 650 8222 
1 4 650 5191 8194 5228 
1 4 5228 11000 5171 12994 
1 3 12994 8217 5131 
1 4 650 8229 8251 5121 
1 3 1639 12494 10935 
1 3 12364 12351 7500 
1 3 7500 10985 12942 
1 5 8187 10943 12453 10515 12364 
1 4 8187 8238 2173 2152 
1 5 10362 12496 1613 1626 4604 
1 6 7500 5163 10975 8255 5143 8216 
1 3 5131 2174 12930 
1 6 8216 10965 2224 5229 10987 12930 
1 3 12930 8157 5230 
1 3 5230 13195 13086 
1 2 2210 2182 
1 2 4589 10447 
2 7 4604 4589 7594 1542 1529 5156 8181 
1 3 8181 7553 10947 
1 2 10513 5112 
1 4 10513 10432 5172 10980 
1 5 10980 8190 12996 2153 10999 
2 4 10980 12334 8148 7476 
2 8 10513 10947 12972 5186 12937 2181 10959 8189 
1 3 5186 7636 12977 
1 2 10946 8143 
1 4 10998 5182 10967 5168 
1 2 5168 2227 
1 3 4696 12547 12589 
2 3 1468 4556 12648 
1 3 2213 10400 5106 
1 4 10400 12648 5231 10697 
1 4 10957 4879 10963 5154 
1 3 2120 10929 4851 
1 3 8214 10668 5231 
1 4 12504 191 4515 1968 
1 4 1874 7872 5199 12504 
1 3 10968 12925 5117 
1 5 2196 8205 12911 5180 8144 
1 7 5210 5196 1939 10860 5160 12929 12989 
1 7 12044 1151 12071 1064 11999 10844 10745 
1 6 11969 10091 7162 11921 10026 7005 
1 3 12051 7081 1160 
1 5 11969 7180 1046 1058 11953 
1 7 1145 11939 4131 13077 7065 9976 11953 
1 5 1145 9964 12760 11923 7132 
1 8 7100 11987 4097 1111 989 4116 4150 11923 
1 4 7100 1194 10113 9945 
1 3 7100 10070 7069 
1 4 7069 10023 4139 4108 
1 3 5010 7980 8124 
1 4 2012 8015 7972 4948 
1 6 4972 1969 2025 1932 12900 2050 
4 4 12810 8089 1965 2011 
2 4 4908 10765 8012 3834 
2 3 7859 12435 12406 
1 6 7520 7450 1611 10458 10445 7564 
1 9 5225 5211 8249 2114 11019 12377 10427 1537 12406 
1 8 8186 10927 8165 5197 12948 2191 10969 12962 
1 9 10433 9782 10503 12482 11906 6811 810 6838 6989 
1 7 4572 7663 9913 9928 11893 6964 9897 
4 5 11771 11808 916 4642 4572 
3 4 10433 7652 11744 4572 
2 4 10433 7582 4506 12485 
1 8 12641 4677 4719 7743 4745 10638 4876 12485 
4 10 4725 7763 12657 10678 7851 12543 4832 12556 10574 12641 
1 5 4506 1588 12618 7832 4725 
1 4 9943 12034 11953 7081 
1 3 7101 10517 7097 
1 7 3992 4083 7172 10057 4156 13143 12483 
1 6 3556 6579 535 6520 6435 6557 
2 5 9206 11162 3050 6150 3187 
1 6 7418 7406 5092 1603 1004 10364 
1 13 1300 4255 10137 10309 4379 1302 7280 12297 4397 10016 11936 10129 4075 
1 9 4401 12232 10232 12204 1285 10162 4405 4334 1300 
4 5 9347 6257 6389 317 11251 
4 5 332 11366 3231 3368 9347 
4 4 6332 6402 3380 389 
3 6 9361 9334 6334 6390 537 3473 
4 8 6375 9346 6347 3295 243 3381 17 6558 
2 3 9296 9196 6072 
2 3 179 3007 11184 
1 3 9103 144 27 
2 3 3022 6118 6114 
1 3 6114 3093 11100 
2 4 6114 9135 11028 3021 
1 3 3094 11029 9174 
1 3 3022 6038 9132 
1 6 46 11052 3162 11049 3111 6038 
2 5 11125 11164 11081 158 11121 
1 3 11125 124 6087 
2 4 3050 9105 9150 3151 
1 3 3121 9123 197 
2 7 11159 2994 9078 6153 11046 3133 3187 
2 3 70 11174 3140 
4 3 79 11068 9197 
2 6 4640 11443 11127 9079 11426 3152 
1 3 83 567 3152 
2 4 592 9221 6099 9079 
2 2 9221 6408 
2 3 592 9485 6408 
4 2 6222 3525 
3 3 9262 11246 6342 
3 2 9262 6314 
4 5 3320 327 6296 3272 6407 
2 6 11358 9246 9374 530 6376 9483 
1 8 7079 9989 11967 10061 11910 1071 4145 4076 
1 3 7164 10073 7011 
1 3 7011 4073 12049 
1 2 7193 11984 
1 6 100 6072 9096 6151 9174 14 
2 4 14 9204 9103 6115 
2 3 11123 9035 9151 
4 4 9131 9199 3157 6075 
4 4 6075 9187 3130 11171 
3 6 6324 3310 319 222 341 310 
4 4 6245 11250 3358 11282 
4 6 362 389 3324 279 3381 11515 
4 7 389 334 11260 9252 9387 6236 3473 
4 2 11260 279 
1 2 3231 6389 
2 4 6375 11245 3351 3380 
2 2 3324 3295 
2 3 3544 12562 3521 
3 3 11274 402 290 
4 5 422 11441 6546 3392 290 
2 3 11357 11301 290 
4 5 3392 3256 6306 3309 9304 
4 4 11370 11216 9236 9304 
2 4 3320 6413 9359 9304 
2 4 560 6415 11528 3392 
2 3 9304 11341 3556 
3 5 560 3556 11285 215 3203 
4 3 3203 6319 9288 
2 3 3254 400 13206 
2 4 6222 265 3255 7482 
2 4 9483 6229 6360 6296 
2 4 9499 9731 9483 6342 
1 2 9499 3288 
1 4 11202 9408 9120 126 
2 3 6408 3388 10493 
3 6 319 3298 11302 10493 9240 9340 
2 3 7482 11222 3298 
4 5 9098 3053 11097 11202 6324 
4 2 9097 6174 
5 3 79 6174 3151 
3 6 6249 6371 358 9341 406 6340 
4 6 11241 11220 3331 9289 3378 6373 
4 5 11370 216 386 3350 6373 
4 3 6373 6344 9288 
2 3 6373 3293 3203 
4 7 6557 6509 3511 3570 11514 550 11490 
4 6 6249 9323 11241 11353 3247 306 
4 3 11220 11290 306 
4 4 3327 401 335 11254 
4 5 306 3362 6387 9382 11254 
4 3 6315 6333 9395 
4 4 11099 2 11107 9131 
1 2 3116 3190 
2 3 3056 62 2 
3 5 11349 6303 366 9302 11282 
1 3 11254 3279 6303 
1 3 11349 9343 11315 
1 5 9242 11224 226 11315 333 
1 5 6203 85 11084 9177 187 
1 3 11367 6176 53 
4 4 11241 323 387 207 
4 4 11234 207 9353 11259 
4 4 6249 9386 387 11234 
2 4 11259 9275 341 7482 
2 5 6324 11392 6242 9353 9386 
4 5 11370 294 6220 9241 11220 
4 4 9288 546 9506 6508 
4 8 525 11557 6458 11489 6508 9477 6565 9542 
4 4 3580 11244 11310 11368 
4 6 3335 3306 6386 6304 580 9542 
4 5 3335 6411 9384 9355 11368 
4 8 6414 6348 6290 6396 6262 3292 11242 11368 
3 4 11368 11214 384 356 
4 5 3580 558 3492 9449 418 
2 6 3580 457 3554 9579 11396 413 
4 6 9579 3291 356 3376 212 6315 
3 5 9542 3520 501 11397 3531 
4 2 418 11397 
4 4 453 11437 6423 11561 
4 6 418 3531 3508 11452 453 11405 
4 5 6423 6451 3452 458 11438 
4 5 453 472 3449 3466 6474 
4 3 6474 6776 6420 
4 5 6474 6493 6445 9430 9417 
3 5 3519 11459 11450 11434 9417 
1 3 3519 9488 9461 
4 4 11452 11461 502 3479 
4 6 418 6554 9531 3491 3479 6474 
2 3 418 9556 3409 
1 5 6432 570 523 9476 9488 
3 3 413 3527 11475 
4 4 11475 473 6432 3409 
3 5 11475 11412 3567 547 3519 
3 2 11434 9446 
1 7 11450 484 509 3489 3505 9504 3529 
3 4 11668 3760 9696 3734 
4 6 9709 6781 3765 9744 585 9417 
4 6 9709 735 9694 11678 731 6733 
3 3 3734 6768 9709 
1 4 3734 3752 765 9744 
1 4 3760 11729 6755 3752 
2 2 705 6704 
1 3 9680 9677 9718 
2 4 3686 6704 6724 9718 
2 2 6771 9718 
1 5 11405 11422 9419 11715 3755 
1 2 11437 11422 
1 2 11561 9419 
2 7 409 458 488 11530 3584 9437 11489 
3 3 11670 3738 11703 
4 6 11670 741 754 9576 9423 476 
3 4 6580 11399 3559 3521 
2 2 422 6580 
2 4 9098 11072 117 3072 
2 3 6174 6197 117 
3 8 9427 11413 442 6499 11507 9494 9468 11479 
1 3 11479 6483 6460 
1 4 11767 3884 9914 9780 
4 3 11438 9465 504 
1 6 11438 11424 9451 6480 9435 9423 
4 5 525 504 11490 9481 476 
1 3 6727 3701 6743 
2 3 565 3707 9683 
1 5 6706 3704 6743 9683 741 
2 5 577 3407 414 6600 565 
2 5 565 9716 744 6584 577 
2 3 11466 6484 3521 
3 2 6580 9494 
4 3 6557 9454 491 
1 3 11479 9558 422 
4 4 422 513 572 6557 
5 6 476 6429 462 438 11427 491 
1 6 3203 6232 6556 11477 6593 11514 
4 4 525 3543 441 11477 
2 2 6509 462 
4 7 3335 3364 343 315 11229 9342 9288 
1 3 9477 9566 3225 
2 4 546 3568 3480 6458 
2 3 577 11550 11411 
1 3 833 867 3882 
2 4 4014 12047 3857 7147 
2 2 9772 9863 
2 2 11874 902 
1 3 1189 1149 4194 
1 2 1149 4051 
1 4 4120 11954 10123 12094 
1 3 11969 9994 4163 
1 6 7162 4129 1037 4061 1141 9943 
1 3 10026 11935 1141 
1 3 10978 10957 12519 
1 2 12766 12723 
1 2 11943 4139 
1 2 10023 1207 
1 3 4046 7166 4131 
1 5 9663 6721 3717 6738 735 
2 2 3653 772 
1 5 772 11599 11617 11647 9663 
2 4 772 3658 6671 1599 
1 2 1599 11708 
2 3 11708 1539 11674 
3 6 3668 4463 7624 4458 7495 7661 
3 6 7661 1536 4614 4477 11645 11674 
1 6 1599 9702 12441 3564 12320 6997 
1 3 6997 4755 1896 
1 4 10837 7969 8125 10523 
1 6 1536 12434 11704 9715 4660 6997 
1 3 12818 12704 12748 
1 3 2097 10793 8123 
1 3 1108 10087 1056 
1 5 12473 9893 9823 11871 12416 
1 5 10056 11810 11746 806 3889 
1 8 9878 3876 11860 940 9755 6807 9763 10056 
1 5 11881 9900 933 919 9777 
1 4 9777 6977 921 3870 
1 7 11747 804 3862 3807 3870 869 9763 
1 5 9777 9761 3890 9912 7620 
1 5 7530 10497 4512 11759 7620 
1 4 10106 10804 1549 12416 
1 3 9912 6813 3889 
1 8 9761 6965 11797 9954 11853 6991 10472 12441 
3 2 3668 3682 
1 4 6733 9647 3672 3682 
3 5 6733 6702 11632 683 3682 
1 4 585 426 6417 3417 
1 6 3417 3443 11400 9459 11447 498 
1 4 11696 748 11727 3777 
1 2 3748 11727 
1 6 9753 6620 11429 9455 6486 6516 
3 4 3578 11523 9432 6601 
1 6 6601 499 6479 3517 6541 6516 
3 4 3578 3426 9460 6328 
3 5 413 6317 6369 9367 9245 
4 3 11351 11381 9245 
4 4 9579 534 9489 6432 
3 6 3527 6553 6428 3566 6587 11408 
1 7 3555 3582 579 487 9502 11512 3566 
1 5 11351 11296 471 9422 11408 
1 6 11408 9564 3539 6563 3518 9475 
2 6 11351 340 367 3332 6353 6328 
3 3 11408 6492 6328 
4 4 9258 9409 6382 6328 
1 6 3566 11436 9312 9339 6369 6398 
2 6 3335 3226 6305 11336 3210 306 
1 9 11220 6354 289 11230 11383 371 343 238 3225 
4 6 187 9333 3321 9242 248 11234 
1 6 6303 287 6367 3235 9287 11234 
1 6 207 9331 11304 9319 3089 9098 
2 2 117 11109 
3 5 187 110 11191 9212 11109 
1 4 11097 95 3089 11109 
1 3 181 6139 9098 
2 3 9197 9164 3072 
2 10 3056 6077 6180 9200 9136 11180 175 3066 3103 6191 
4 9 9389 6295 6392 3268 3370 9311 6316 11362 301 
1 3 3370 357 6269 
1 5 121 3220 3116 6247 9267 
4 4 6245 333 3176 3101 
2 6 6203 9144 6346 11236 3259 6380 
2 6 39 9153 194 9060 3110 6095 
1 6 186 3102 11025 9114 6171 6124 
3 8 9389 9368 270 3245 6149 9172 9050 6191 
4 5 11248 11379 11268 11330 3290 
1 5 11254 9318 3345 9301 3226 
1 7 11254 11369 11300 382 3308 11347 6262 
3 8 3327 3263 382 246 6365 11284 6252 3335 
2 7 11375 3303 11344 11394 11324 6391 9286 
3 5 11248 269 9376 3257 6284 
3 7 6231 11295 3202 214 11217 9235 3290 
3 3 6338 3315 11356 
3 7 9286 324 3317 286 3276 6302 6226 
1 11 273 9349 6308 11389 3328 355 9401 292 11273 3382 392 
1 3 273 1305 4354 
2 7 12128 12298 1210 1406 4261 10224 10196 
1 4 12567 7228 10716 10648 
2 3 307 12106 1292 
2 7 7228 1808 9553 307 12584 7285 9292 
3 2 12229 10284 
2 7 12128 3563 4322 1254 4294 7341 4394 
2 7 7243 4300 4374 4227 4376 1429 4394 
2 3 6302 9338 392 
1 7 12333 7491 10357 10414 7924 9605 1573 
1 5 7639 756 12239 10205 1384 
1 3 1573 7639 10671 
1 2 12581 2058 
4 3 7274 10652 4665 
1 5 10680 10550 10619 10547 1591 
1 3 3787 11750 9762 
1 2 6989 6961 
1 3 6989 3977 11879 
1 4 12679 4806 1797 7708 
1 3 6516 520 11474 
1 5 422 3412 474 11503 6520 
1 4 7408 7225 12224 10293 
1 5 10250 12195 10438 12431 12402 
1 7 7236 12144 1291 7342 12215 1376 10297 
1 6 7329 12199 1348 1392 12271 7427 
1 3 12446 1322 1820 
1 7 12432 7158 828 10397 6904 9843 6969 
2 7 4042 12076 13237 7014 13238 12052 10034 
1 5 7191 4042 10034 10076 7120 
1 5 9835 3934 6852 11855 3881 
1 4 12432 10424 4525 2087 
1 5 12432 10507 12300 4174 1519 
1 4 4190 4032 10003 11980 
1 6 1519 4634 7571 1575 5007 7301 
1 3 1029 7200 12055 
1 4 12055 11973 1161 11916 
1 6 11916 12036 7222 11994 1099 11913 
1 2 1099 4105 
1 6 9970 9982 12350 7502 12483 7097 
1 2 7108 10062 
1 8 11991 12059 11920 9944 1066 7054 4038 3992 
1 5 4506 4561 1499 930 4642 
1 5 930 11836 6893 9788 11815 
1 6 7663 1567 3913 887 3849 9885 
1 4 4075 12048 7015 9948 
1 4 7658 10509 1648 4652 
1 7 4361 12165 1313 1274 10322 10150 10294 
1 2 10322 12268 
1 9 10279 7381 12249 1386 7223 12277 1413 4390 4608 
1 6 1386 4434 7642 10135 12293 1413 
1 3 4608 10491 12293 
1 3 4608 10479 12472 
1 3 10479 1209 10491 
1 5 1415 10165 7323 10265 1221 
1 6 1221 12236 10306 1372 12279 4228 
1 2 1368 10302 
1 2 12118 12153 
1 3 1492 7562 12363 
1 2 10386 1492 
1 8 1996 12322 1525 1553 10514 7634 1075 11968 
1 7 10745 7989 2046 12881 12806 1914 12887 
1 3 12725 7989 4963 
1 6 12725 2003 2088 12862 4918 12887 
1 3 12887 10851 10827 
1 2 10932 5180 
1 3 12975 8193 5117 
1 2 8248 12981 
1 4 4735 12391 8138 12985 
1 6 12958 10966 2126 1552 8054 1968 
1 3 5154 5189 5203 
1 3 12589 12692 4822 
2 4 1833 4696 4822 10697 
1 3 5203 1509 10697 
1 4 8245 10566 5106 1688 
1 4 8214 10525 4851 1874 
1 6 2120 12971 2180 2159 2217 2123 
1 2 1909 8008 
1 4 10803 8122 8065 7983 
1 2 10862 12742 
1 3 2025 1992 8034 
1 2 6039 9137 
1 4 4515 1516 9986 7716 
1 4 1516 1929 10858 8048 
1 6 4150 7008 12018 7958 7116 989 
1 4 3996 4055 1068 10031 
1 2 7117 1068 
1 3 11964 10073 7091 
1 4 10665 5181 5187 2189 
1 2 12645 5181 
2 5 12910 10925 7567 5225 8186 
1 6 1652 2157 10983 1526 10997 12962 
1 2 10997 12990 
1 3 7453 8228 1652 
1 2 8243 8228 
1 3 1540 4630 1652 
1 2 10983 4630 
1 2 1540 7579 
2 5 7798 7811 4791 1773 12924 
1 2 4776 4791 
1 3 11019 4836 10455 
1 4 8234 7533 12377 4836 
1 3 7520 10388 4478 
1 8 7564 10430 12451 10500 4658 4478 4500 12377 
1 5 10430 4530 4546 5227 11006 
1 5 7566 4560 10460 10487 7651 
1 4 7566 12367 4520 7538 
1 4 7566 12382 8230 5206 
2 5 12576 2155 2130 12918 12910 
1 2 2197 8204 
1 7 7692 1786 1746 1713 7887 1565 4543 
2 3 1814 4804 7692 
1 4 7692 1801 10609 4748 
1 3 1786 7783 12604 
1 4 10710 4718 12664 7887 
1 4 4114 1139 9958 1004 
1 7 1004 11931 6932 12713 7301 1976 2006 
1 11 10616 4532 12436 4134 1597 7095 10404 12407 4125 7159 7502 
1 2 9956 7200 
1 2 8049 5007 
1 5 10433 4649 7767 7897 1588 
1 4 9798 6863 1571 12482 
1 2 1489 10397 
1 4 10031 7144 11974 12044 
1 5 12583 7706 10408 10660 4686 
1 4 3755 11683 11546 11703 
4 3 121 9122 11099 
1 3 11124 6288 370 
1 2 9146 6171 
3 5 370 3027 3139 272 6124 
2 4 10142 10136 3280 237 
1 3 12536 7757 4665 
1 3 12543 12660 7691 
1 6 7874 12619 1662 10633 1375 4333 
1 11 4333 4232 10239 4281 7326 4309 1276 12115 10312 10168 7429 
1 3 4333 7407 7405 
1 2 7405 1239 
2 3 9111 11048 9060 
2 4 39 150 3143 6203 
2 3 11068 9164 6095 
1 4 6203 3077 6101 121 
1 3 9709 9726 11696 
4 3 731 6718 11633 
1 3 6781 775 3417 
4 4 11248 11294 9273 9245 
4 2 6315 6262 
1 4 6315 9313 3356 9273 
5 7 3327 3391 6380 6414 9348 9282 9395 
2 4 6269 11338 9356 9278 
1 4 6269 9267 6358 9257 
3 4 6231 9360 9298 11344 
1 4 11314 283 214 9311 
1 2 9286 9258 
1 3 392 6337 286 
1 3 9402 9305 3315 
3 7 11344 11277 3352 3224 6253 9373 11356 
1 2 3282 6253 
1 5 6391 345 3197 6312 6253 
2 8 9258 6248 6291 3221 3266 232 11227 9245 
1 3 499 9447 6430 
1 5 6601 3551 6574 9549 11537 
1 5 11537 9526 11510 3502 3563 
1 8 3618 9453 11591 12235 1247 4254 10253 4394 
2 3 7429 7233 10196 
1 5 7477 1593 10359 10510 12333 
1 4 1573 7775 4629 11687 
1 3 10357 7560 4958 
1 3 12583 4224 1591 
1 4 1459 11687 12430 12581 
1 2 1825 10408 
3 4 12594 11410 1794 1297 
2 5 7243 7600 7657 12329 7597 
2 5 7597 12397 4686 10148 1459 
1 2 7661 7477 
1 4 4805 12192 12263 4290 
1 4 12678 4246 7616 4829 
4 9 957 6989 11750 6684 664 6686 11643 10466 12189 
4 7 12189 4805 7672 12678 7801 10655 4725 
1 5 4719 4792 10708 12557 1743 
1 3 7886 10580 10649 
1 2 4789 7789 
4 3 4665 12515 12528 
3 3 7274 4734 1297 
1 2 4803 1297 
1 3 12594 7890 1864 
3 10 1709 7800 4780 10670 9512 4209 1387 12102 307 1821 
4 6 9292 10213 12229 7429 4411 10256 
3 6 1821 12567 4758 237 11228 7375 
2 5 12187 12527 278 1754 7375 
2 2 278 237 
2 3 278 11307 7228 
2 2 4758 3280 
2 8 6278 7403 7431 1380 10286 10314 361 3280 
2 4 392 9354 11292 11356 
1 5 10680 1668 10653 10584 12594 
1 2 11591 13008 
1 3 4394 12227 10196 
2 7 12128 10299 6379 3330 3357 393 11377 
1 2 11377 9271 
1 2 116 3134 
1 2 6181 15 
2 6 6181 3121 9162 3008 86 3189 
1 8 94 9045 9055 11038 3092 9248 6102 11171 
1 3 11175 3071 11146 
3 2 11171 312 
1 3 39 11093 9107 
1 9 6075 72 6166 11074 6199 6088 6193 9213 186 
1 6 186 108 3155 1295 10579 7712 
1 4 7712 10723 11098 12502 
2 3 3151 149 11068 
2 3 3072 6095 11174 
5 6 3290 301 6380 11282 3391 6414 
2 4 9097 11186 104 126 
5 3 6174 11032 9098 
1 5 3120 6139 11032 6197 3072 
3 3 592 415 11202 
1 2 11443 11057 
1 3 3152 496 6381 
1 4 11291 6381 6178 9079 
1 3 6178 308 11291 
1 5 9240 9317 9501 3388 11302 
1 2 308 9501 
4 3 6342 6222 9340 
3 3 3296 3194 3525 
1 3 9262 3319 3194 
1 3 3296 6322 3525 
2 3 9262 3354 9483 
3 6 310 11358 11342 9295 3320 9274 
1 6 530 9438 11498 11342 233 9341 
2 6 6283 3259 3358 9302 3327 6348 
2 3 406 11391 3320 
1 5 11336 3278 289 11271 9289 
3 3 386 360 3759 
1 4 386 6292 342 9289 
1 3 3350 331 215 
1 6 11336 6243 352 3345 11235 6365 
1 4 306 3297 9253 352 
4 2 580 3580 
2 5 3306 288 3225 11553 9542 
4 5 6340 6413 3366 318 3281 
4 3 3281 11247 290 
2 2 3393 3366 
1 6 3412 9520 3496 560 6280 6306 
1 2 3268 6231 
4 3 6124 9370 6191 
3 5 6284 9276 3371 11309 9286 
1 4 6284 376 6329 3266 
1 4 11347 9366 300 6365 
1 4 300 11242 261 212 
2 5 6283 9378 301 9348 6348 
4 2 9245 9394 
1 6 9394 6230 6279 9313 9266 9395 
3 4 356 3346 6398 9394 
1 4 212 3250 3199 6230 
1 2 12434 4473 
1 3 1599 4534 6436 
1 6 683 6730 6748 3726 6758 11706 
1 2 731 6750 
1 3 11614 9647 9628 
1 2 9694 9691 
1 2 765 6783 
1 2 6226 6275 
1 5 9243 9391 9337 452 3551 
2 8 3578 483 3477 326 3316 6366 6394 6226 
1 5 3477 353 11308 11449 9460 
1 3 3578 6539 9475 
1 2 3582 9504 
1 4 9475 6506 6602 3582 
4 3 3555 3529 498 
1 2 6553 3504 
1 3 547 3540 9565 
1 2 457 11283 
1 5 3554 302 328 11337 11214 
1 3 9449 6517 3409 
1 3 9449 6481 3520 
3 5 580 11526 6543 6481 418 
2 5 11397 3557 11504 6495 6478 
1 4 11437 9463 9479 3508 
3 6 11452 9479 511 11504 559 6605 
1 5 6495 9519 6605 11425 6508 
1 4 6605 3584 582 11557 
1 5 9718 3722 568 737 3755 
4 3 6771 11700 6596 
3 2 6596 11405 
2 4 11405 3399 429 6776 
1 4 6776 3449 486 11452 
1 4 472 429 3767 9729 
1 2 6596 3767 
1 3 11546 574 11561 
4 2 6478 6451 
4 5 3409 11541 11487 6519 3479 
4 3 9446 6505 3479 
2 2 9531 11541 
2 3 6505 9461 11450 
1 4 9576 3757 3575 6597 
2 4 11703 6597 409 3452 
1 3 11546 3403 3452 
1 6 11530 11454 3494 9465 6497 11490 
2 5 9481 11464 9533 3457 6509 
1 4 3568 3507 11453 6556 
1 2 9576 6600 
1 3 6743 3724 6729 
1 3 6520 9493 11477 
4 3 402 524 3544 
1 2 3392 11466 
3 2 290 9544 
1 2 6480 9481 
2 2 11479 491 
2 2 11411 491 
1 2 6483 11411 
3 2 11411 11427 
2 2 3288 6314 
4 5 3288 348 395 9398 6375 
3 2 6407 3384 
4 3 3384 395 6332 
2 4 9398 266 11386 11357 
2 3 6332 11265 348 
4 5 399 3277 6364 6235 394 
4 2 3277 3325 
4 3 3260 6393 6287 
2 3 399 3206 6235 
2 2 3277 11251 
2 2 399 332 
1 5 9361 11372 11343 9263 362 
1 3 6375 9372 11386 
4 5 3380 3295 6401 548 9508 
3 3 11372 11288 11260 
4 3 6286 9335 11318 
2 2 6336 9335 
2 2 11318 11264 
4 4 11360 11264 11233 6535 
3 2 11264 309 
5 6 241 309 3326 3271 6325 9347 
2 2 11360 241 
4 3 6325 6349 374 
2 2 374 3326 
4 2 6257 11331 
3 2 6389 11331 
5 6 9347 9320 9294 11219 375 3499 
5 6 6325 6263 6377 11493 6513 564 
3 2 11331 11305 
4 4 9294 11305 11276 321 
3 2 321 9388 
5 5 9388 3340 349 3312 6282 
3 4 11276 268 3258 3312 
5 5 3312 3207 11505 6521 3499 
4 5 6282 6390 6309 9277 11260 
4 2 9361 9277 
3 3 309 247 11388 
4 5 3326 3234 405 11388 6535 
4 2 3271 6263 
3 6 6263 6218 9238 11219 3367 3258 
4 3 6241 6286 6336 
5 7 11388 11233 11346 9403 9363 6241 391 
5 6 526 6377 3395 405 9509 11431 
5 5 526 9375 3522 9456 3499 
4 5 6325 6298 9264 9238 3522 
5 3 3499 9428 6521 
5 3 9428 9496 3473 
4 4 3473 444 3532 6558 
4 3 6521 11444 3258 
3 3 3258 293 321 
3 4 6558 388 9387 6309 
3 5 17 11515 548 11492 3544 
4 3 11515 493 11428 
4 4 9346 9290 6567 3544 
2 4 6347 6321 3230 548 
5 7 9443 495 6469 6570 529 6444 6488 
5 3 9363 3512 6469 
5 2 6535 495 
5 7 6469 587 9522 11562 6500 6496 3262 
5 7 11560 3423 11494 3547 587 3444 11456 
5 6 3547 6570 9482 9547 3524 11533 
5 3 9443 11533 564 
5 5 11431 9443 9547 3398 495 
5 6 3499 9560 6582 425 3561 6513 
5 3 526 11402 3561 
5 3 3522 6487 425 
5 4 9428 478 514 6559 
5 4 3499 11545 3535 9471 
5 4 6582 3535 11481 514 
3 3 405 3355 564 
5 5 9570 552 6595 3572 9496 
5 3 514 9535 6595 
4 4 6558 3460 3510 9570 
5 5 9570 6462 9511 11467 6464 
4 4 17 9532 11558 9511 
4 5 3460 9532 9439 493 9508 
3 3 9508 9400 3544 
2 3 3544 6511 3458 
4 8 9544 3521 3458 6416 11430 3586 506 6464 
2 3 9508 3482 6416 
5 4 6444 3423 9575 6583 
5 5 3524 6488 11560 11547 11531 
5 4 564 9524 11445 11417 
5 5 3524 3397 11445 3500 3561 
5 4 6559 9471 9441 11404 
4 7 3547 11435 9575 11531 563 3558 3530 
4 4 9503 6529 678 9638 
5 4 11560 3558 549 9503 
5 3 11531 11502 9559 
5 3 11502 3629 549 
5 2 9503 6542 
4 5 9638 11640 6712 6542 3530 
2 4 678 11640 3679 6934 
4 2 6542 11486 
5 4 6488 589 6568 3530 
4 6 3530 9517 11499 708 6693 692 
4 4 9517 11486 694 3679 
4 4 6568 6581 9557 11417 
4 6 11417 9572 11544 571 3299 9515 
4 5 11544 561 6540 3705 692 
3 3 11445 13116 482 
4 3 482 9497 9441 
4 6 425 6524 482 3474 9416 11544 
3 3 692 11620 673 
4 4 6693 11638 9655 6934 
2 5 9655 6680 6678 9636 673 
4 6 688 3675 11634 673 11618 9630 
4 3 9517 6555 11529 
4 3 9557 11529 11544 
4 2 6540 708 
4 3 11499 3690 6934 
4 3 692 11653 9515 
4 4 11432 3418 3585 6470 
3 2 11404 6470 
2 2 9471 3585 
4 5 9515 3541 3571 586 11404 
4 2 571 586 
4 6 692 9652 707 688 6708 3703 
3 2 9652 11634 
3 3 3675 668 6673 
1 4 668 671 11615 9630 
1 3 6673 3631 9627 
1 3 6673 3657 628 
3 3 6673 3674 3673 
4 7 9515 9681 3703 9665 11651 704 11666 
2 7 707 3688 6725 9681 532 5283 9541 
4 5 6559 11432 6440 11542 6418 
5 5 514 573 469 9414 11542 
3 4 9414 11401 3514 9535 
4 2 9570 3485 
2 3 3485 421 3553 
5 3 6464 13205 9427 
2 2 11430 9427 
1 3 11507 9521 3559 
1 4 3581 6573 11520 3730 
4 3 9508 11428 3586 
4 5 11542 9429 583 3553 3569 
4 6 9511 9457 3583 6590 6562 3553 
4 4 3583 9567 9551 11539 
4 6 6562 6576 9539 541 11522 11539 
3 5 11539 3537 555 9537 6573 
1 4 555 581 417 11413 
2 3 6418 9555 3571 
2 5 6470 424 6418 6592 9541 
3 3 11542 9569 9541 
2 3 9569 11525 3569 
4 5 3569 557 3718 9692 541 
3 3 3569 11511 9539 
2 4 3537 6561 9690 9660 
1 4 11536 11691 9706 3730 
1 5 583 494 11414 6534 552 
1 2 11401 11414 
2 2 3541 532 
4 7 9692 3716 11679 11663 9660 684 6700 
2 2 11679 6561 
4 5 3730 3713 6716 716 9660 
2 3 9690 3731 3713 
4 5 3718 6739 11666 9661 9648 
3 2 6739 9692 
4 5 11666 9527 6552 6723 732 
2 4 9665 732 543 9541 
4 5 11666 3700 6720 9676 11663 
3 3 9661 686 6720 
4 3 9630 11598 9598 
4 3 9648 653 3673 
2 3 9648 9679 11651 
2 3 686 11627 3670 
4 6 9648 9646 665 596 9596 9627 
2 3 665 6672 3670 
2 4 3670 3683 701 6703 
2 2 686 3683 
4 9 11623 663 9638 11604 11601 3641 9600 9584 3780 
2 2 11623 6680 
3 3 11623 661 658 
1 5 658 3662 11587 6661 9584 
2 6 11121 195 66 3172 11065 6013 
1 4 3083 9094 11172 11066 
3 4 11105 6144 11066 3137 
3 7 9206 6082 11056 9183 9073 67 6144 
2 6 3137 6047 6138 9038 6013 3122 
1 6 6066 3083 9194 6108 11105 6009 
1 4 11211 6108 9129 6144 
1 2 67 204 
2 4 3061 9183 165 11043 
1 3 6082 52 3050 
1 5 11121 6212 9106 9233 11079 
1 6 3187 3030 9061 3068 3185 6146 
2 3 11079 3149 3073 
2 7 11043 141 11141 9104 3125 6146 11079 
1 5 3050 139 3131 3013 11043 
1 6 11043 9163 9056 11033 3119 6138 
1 5 9104 11199 132 11132 195 
1 5 3013 37 6033 6156 3068 
1 2 6013 11126 
1 4 9038 3009 3117 32 
1 4 3137 3025 32 169 
1 5 11125 9147 6125 6165 9108 
2 4 9108 3104 9226 11155 
2 5 11155 3095 101 6055 192 
2 6 9108 6083 9143 9220 11067 6132 
2 6 11067 118 11185 6063 11129 6126 
2 2 11185 182 
2 4 205 6126 3108 9154 
2 7 46 9154 11123 11209 9051 49 11147 
2 7 383 6331 3286 3375 3063 6188 9209 
2 5 9209 9109 11082 161 6050 
2 6 9279 11376 9300 9410 242 9329 
2 5 9329 9406 6397 6311 9209 
2 6 6050 11163 35 3106 11197 6093 
2 6 9209 9185 3106 9193 9117 49 
2 6 6188 6164 9054 11114 9138 179 
2 4 6397 9393 11380 11082 
2 6 9279 6345 9362 6412 3307 383 
2 3 171 6310 383 
3 4 6127 11091 3045 11147 
3 5 11147 11040 9151 205 130 
4 3 6050 9149 6127 
1 6 46 3039 11148 11120 11069 3138 
1 7 11155 6074 148 11190 3003 11 3138 
1 5 9054 3141 9218 3070 9182 
1 6 9182 6147 11053 6010 6129 9154 
1 3 6147 9173 49 
1 5 6310 11070 69 6028 11114 
2 2 3286 9329 
1 3 242 363 11215 
1 4 9300 11160 11327 11215 
1 6 11215 329 299 6148 11289 9393 
1 4 3229 6148 11311 9329 
1 3 9329 9251 6412 
2 2 11091 9117 
1 4 9193 156 6093 9182 
1 2 9173 156 
1 3 6164 11044 11197 
1 3 69 11151 11184 
2 3 11078 6160 3021 
4 3 11184 6115 14 
4 3 11078 6115 3171 
2 2 3171 11151 
1 3 179 3136 3021 
4 5 3314 68 3211 9498 391 
4 3 68 391 3314 
3 4 6496 11456 9498 3262 
5 2 6241 11456 
4 2 3262 9431 
4 4 11562 9574 11419 6598 
4 3 3262 6598 516 
5 6 11483 6446 6560 516 3516 11519 
4 4 11519 6537 3488 9522 
3 2 11519 9574 
5 3 11606 9536 516 
4 4 3516 9444 9418 6583 
4 4 11562 3488 6583 9559 
5 5 454 3476 3536 11483 11606 
4 6 454 11420 9500 11548 575 11483 
5 4 454 9561 11506 9523 
5 6 11606 3447 9472 3560 5291 9559 
5 5 11506 11518 11549 13011 6545 
4 3 454 3402 11549 
5 2 3447 11549 
4 3 9559 11516 3629 
4 3 6529 521 11642 
5 6 3506 9490 3533 9505 11488 11642 
5 6 11506 11491 6949 551 11732 3533 
4 2 6545 5291 
5 2 13011 11732 
5 2 6545 9505 
5 3 3652 3669 3506 
4 6 3533 6531 9658 6698 698 678 
4 6 9642 817 3650 641 9590 6613 
5 4 3652 648 11794 6613 
5 5 3652 9642 6698 11642 11516 
4 6 817 3646 6666 11590 9620 9638 
4 3 648 9625 9609 
5 6 6613 780 762 11713 958 11834 
4 6 6613 3589 6784 6609 764 9738 
4 3 780 3768 764 
4 5 11834 911 3928 9909 11891 
2 4 11834 11875 3762 3768 
3 4 762 3762 9736 3764 
5 3 958 11877 9898 
4 5 9898 6960 3946 9853 9824 
4 6 3946 6917 943 6766 11702 755 
4 5 6766 12169 11699 3740 9710 
4 4 11702 929 9717 9737 
4 4 755 9734 9751 620 
4 4 6613 11593 3594 9748 
4 2 3594 9609 
3 6 9748 769 3754 11709 6962 6960 
1 4 11877 9728 9732 769 
1 3 11711 9728 11713 
2 4 6766 3948 752 3754 
3 4 3754 6773 11718 9734 
2 3 11711 760 6962 
4 2 6613 6786 
1 3 6786 11716 9732 
1 4 11699 9884 11838 9840 
4 6 9737 6777 9710 743 6756 3735 
4 4 11565 6792 3598 620 
4 7 620 3626 651 9629 11631 3493 512 
4 6 11565 9597 6657 11600 11616 11465 
5 7 9737 11565 595 11582 629 11596 3671 
4 3 6657 655 629 
2 3 629 625 620 
3 5 620 6618 9593 11576 9748 
1 2 6773 6618 
2 2 9734 6792 
5 4 11465 503 3495 3509 
4 3 3495 527 9495 
3 4 3509 11463 9492 3671 
4 3 503 9478 3671 
5 4 3671 6533 9507 9523 
4 4 11465 9510 6536 542 
4 6 11465 9495 11508 9525 6572 3552 
2 2 542 3552 
4 5 11508 9550 539 11521 6599 
5 3 9523 9725 3506 
5 2 9507 512 
4 6 9609 11611 3655 9629 669 3671 
4 3 3655 6644 11576 
4 3 512 6518 9644 
4 3 11611 9644 3506 
4 4 6449 3579 11535 6599 
4 3 11521 553 3509 
5 4 3509 3534 6547 9523 
5 5 11506 9534 6569 11563 9434 
5 4 6599 9578 3549 9523 
4 3 3534 9578 11563 
4 3 11563 485 11420 
4 3 6609 11573 6666 
2 4 11573 9603 3612 11590 
2 3 6609 778 9603 
4 4 3938 13224 11863 9778 
4 4 11863 9757 942 832 
4 3 6856 6906 9896 
2 8 6906 3799 3891 3945 6879 9852 6914 13224 
3 3 832 11884 6856 
3 4 11884 9889 4098 10024 
4 3 3938 9767 6993 
3 4 6993 9785 11766 813 
4 4 6903 6878 3816 813 
2 4 9896 6817 3873 6966 
3 5 3816 3954 13223 6966 6812 
4 3 6812 9764 854 
2 2 854 9824 
2 6 3816 9813 11793 13225 6836 6812 
2 2 9813 9840 
1 6 6766 3915 3898 6865 9797 9764 
2 5 9896 871 7213 11737 3816 
3 4 11766 857 13226 885 
3 4 6903 3902 11852 3735 
2 4 3735 3933 9857 6903 
4 2 13233 740 
4 5 11852 885 903 6936 11825 
4 6 11825 9846 9800 939 3794 3938 
4 3 6936 4024 3920 
2 5 6936 9872 9700 738 11688 
1 6 740 13220 738 11684 6746 726 
2 6 11825 9827 11809 11806 3859 11766 
2 4 3794 3820 9800 3874 
3 5 3920 726 13219 11843 729 
2 3 6734 9689 6955 
2 4 6734 9686 11677 729 
2 4 729 11692 6955 758 
2 3 726 3729 11707 
1 6 11707 6749 9703 11688 740 6756 
2 6 3874 13232 918 3918 3727 13219 
2 2 9846 13232 
3 6 9778 12081 950 3871 875 1178 
4 2 1178 7183 
2 6 950 10111 1090 1176 11956 12038 
2 4 11956 4065 10109 10024 
3 2 13233 11852 
2 5 3938 858 9881 6832 9778 
2 4 832 9903 1093 10024 
1 2 1176 747 
3 5 875 6744 4182 10009 9979 
2 5 1176 7068 10009 13231 7183 
2 3 10009 7153 4135 
2 4 7183 4080 9815 12070 
2 6 6832 6948 3930 9925 6902 3926 
2 4 875 879 3810 3930 
2 4 7183 7098 6954 11798 
2 5 9815 11749 11798 931 9925 
1 6 9925 13230 9839 11756 794 3874 
2 2 3874 939 
2 4 858 3986 9917 9839 
4 5 11805 924 3798 6924 9817 
2 2 9817 11673 
2 6 9817 724 6941 874 6867 3874 
1 2 6941 3892 
2 8 3798 9787 6818 845 938 9770 13221 6867 
2 5 3798 11885 3926 9877 13230 
2 3 11885 3969 938 
2 7 924 11768 9869 6933 9765 6880 3790 
2 3 970 9869 6986 
2 2 7183 1048 
3 3 11891 3772 6788 
4 5 9738 6780 3782 776 3780 
4 7 3780 773 3776 603 9598 3604 11584 
4 5 11584 628 6626 599 9627 
4 4 6606 11734 9582 11584 
4 5 3780 6790 9752 6606 782 
3 5 6606 6985 1616 9907 6946 
4 4 3780 11726 771 6788 
4 5 771 9741 11730 6780 770 
2 2 3772 770 
3 2 6788 6973 
3 7 6973 6946 11833 6875 6862 11751 9904 
3 5 9904 9794 3885 9879 9907 
4 5 9904 11846 923 9826 819 
3 4 782 9924 967 925 
2 3 9794 6926 925 
3 6 925 9838 6831 3966 6939 883 
2 4 9904 11882 963 6831 
4 6 819 955 851 3968 9856 11837 
3 4 883 6843 9784 11837 
2 2 11837 11998 
3 5 3968 10027 3901 12066 9990 
2 3 819 11803 883 
1 3 3838 9851 11804 
4 4 6103 11374 221 271 
5 7 6103 11253 296 9322 364 11382 9379 
5 6 11333 6103 11221 9268 6270 9297 
5 3 6103 507 9458 
5 3 11333 13070 3501 
4 2 13070 11446 
5 5 6103 9239 6221 3369 9484 
5 6 9239 9268 11279 6237 9315 9379 
5 5 507 11471 6351 9484 3463 
2 2 9484 3422 
4 3 3463 540 6526 
5 3 3369 7239 9297 
4 5 3369 6378 377 407 11361 
4 3 9379 6318 6384 
4 5 9315 6318 3205 9364 6363 
4 2 11253 271 
5 3 9297 3301 3205 
4 3 9297 11345 6237 
1 4 6363 311 3274 11361 
2 2 311 3301 
3 4 3301 6301 253 407 
4 7 9250 11382 9269 9332 11270 351 219 
4 3 9379 9269 11297 
4 5 3205 6384 6335 6399 9285 
4 6 9379 6268 9397 9285 219 11218 
4 4 11218 6320 6395 3273 
4 4 351 11299 11378 9392 
5 3 3273 9383 9392 
4 3 11218 9314 9392 
4 4 9383 6300 3150 11136 
4 3 3273 6385 284 
4 4 6300 159 11306 9075 
1 3 6385 11161 11266 
4 4 11136 11207 9161 9075 
3 5 9075 6046 6104 3159 11064 
1 2 6046 3178 
4 5 9303 11287 369 3359 11293 
4 5 11293 7377 285 11237 11267 
4 5 7394 11267 9310 3342 11293 
4 6 3359 3242 3379 3329 276 385 
1 5 9303 9255 11371 11257 385 
1 3 385 11303 3359 
1 4 9303 3396 6313 11267 
1 4 11267 9284 6289 6313 
1 2 653 596 
3 6 9596 3654 11581 624 9595 6647 
2 7 599 11564 3601 6611 984 3974 3924 
2 5 11581 3592 3601 6614 6619 
1 4 11899 11572 9591 6647 
1 5 11572 9922 6983 3985 3974 
2 3 6983 6619 9595 
2 3 9627 6650 3601 
1 6 11899 11872 9894 6889 9821 9809 
3 5 6647 11577 11580 11586 11583 
3 6 11580 3617 619 3623 6670 6700 
3 4 6647 619 9621 6700 
2 7 11583 6998 9602 11887 11857 11832 3882 
1 6 11899 11741 982 3956 3984 6998 
1 3 11586 9599 3984 
2 6 6940 9874 3882 3833 3526 11818 
2 4 9602 9756 9771 965 
1 3 3833 3865 974 
3 3 3617 11787 9606 
3 4 11787 6643 679 11646 
2 3 6647 9608 9643 
1 2 3884 9875 
1 5 11965 1173 4193 7211 7096 
2 3 4109 1109 976 
1 5 11965 4078 7096 3988 4109 
2 6 976 863 3973 3844 10163 11818 
1 4 974 9837 936 10163 
2 6 3526 6990 9930 11774 11905 11842 
2 3 11842 922 9833 
4 4 9660 6703 682 3670 
3 5 6670 9643 11610 9624 3670 
2 3 11581 9611 3670 
3 3 11610 3680 6703 
4 4 684 11646 9656 6682 
2 3 9606 11608 6682 
2 4 6682 9640 11622 676 
4 3 11646 11644 11659 
2 3 3730 6735 11659 
3 4 11659 3696 3709 6711 
4 4 9617 3663 11619 690 
2 3 3696 713 746 
2 4 9606 3649 11657 6652 
2 5 6652 637 3639 3636 9617 
2 6 690 3676 11639 676 3694 6711 
2 4 637 11605 6679 676 
3 4 9617 11603 6677 657 
4 2 3663 9651 
3 3 9651 11636 6706 
3 6 9651 11652 9701 6729 723 9716 
1 7 6711 6714 9672 6731 9685 11689 744 
1 6 676 9670 711 11672 6747 6729 
1 3 690 3689 11672 
1 3 9617 6658 9612 
1 3 657 11597 9783 
3 8 949 965 793 3796 9610 9612 649 9783 
3 4 949 3971 6982 6923 
3 6 6923 6952 6814 6967 9919 9902 
2 3 6814 6842 9612 
2 4 6923 9862 9888 11842 
1 2 6923 893 
1 4 949 935 6857 3526 
2 5 11829 11811 3851 3786 3951 
2 6 3951 6808 3907 9901 6925 11747 
1 5 904 11866 3919 6908 11747 
2 5 9878 3983 3856 11831 3951 
1 3 928 9921 9799 
2 6 9878 6945 11796 3927 928 4112 
1 4 9878 11907 12016 1005 
1 5 3786 947 11867 11778 9799 
1 4 11778 785 981 3856 
2 4 4076 7164 3996 7011 
1 5 11976 12455 2027 5099 12758 
1 4 1145 4146 1128 9960 
4 7 11952 7150 4187 7013 1349 10270 12182 
2 5 12182 12142 1359 10324 8087 
2 4 7340 1275 4472 8087 
2 4 1359 5104 10259 10756 
4 2 10278 7436 
2 5 10756 12779 7310 1344 7436 
2 6 10278 12180 10152 1430 4321 7340 
2 4 7436 4420 10808 8011 
2 8 10808 8067 7363 10274 7447 7391 10190 7244 
1 5 1273 4291 12105 10799 10756 
1 5 12105 7250 12295 10210 12182 
1 6 12105 4278 10208 1412 8100 8011 
1 3 8100 4414 10756 
1 3 8011 12146 4315 
1 2 7447 1238 
1 6 1321 7402 4327 1409 12247 7363 
1 2 7265 1409 
1 6 12247 4416 1381 12164 1268 7436 
1 2 10149 1268 
1 4 1268 4420 1344 12180 
1 3 1344 10897 4414 
1 4 10756 10296 4365 4321 
1 2 12295 12142 
2 5 7340 7297 4237 10255 10001 
2 5 10001 11978 12462 10116 10088 
4 2 3456 10108 
2 4 10108 7049 10735 1971 
3 4 1971 7084 4110 10108 
3 3 10735 10813 5105 
4 2 1971 10898 
1 3 5105 8013 5075 
3 4 10898 8007 9084 10887 
2 6 8007 10139 8106 10173 8022 12763 
2 6 2086 2032 2002 10772 12005 10887 
2 3 10898 10843 10772 
4 6 4245 4204 1444 12452 4544 4516 
4 4 4516 1569 2005 7938 
1 5 8087 11950 5019 10311 7060 
3 6 10270 7119 7060 7177 10872 4950 
2 5 4187 10019 7177 7430 12781 
2 5 10001 7090 9946 7574 12420 
2 4 12781 7619 4557 12420 
2 5 4950 12799 10801 4410 7938 
2 5 10088 12063 4104 4062 4245 
2 7 4062 7220 1059 1538 4513 12375 10401 
2 4 12420 10401 8120 10801 
1 3 7619 10030 4950 
2 2 11952 9975 
1 7 9975 1103 12886 4149 1908 2054 2086 
1 5 1908 4984 10847 1980 4110 
2 5 11952 7165 12743 4106 2092 
2 4 2092 7905 4915 2086 
1 3 4106 12080 10872 
2 2 4950 11995 
2 6 4106 10816 11995 4953 5096 4045 
1 4 4106 1199 4971 1908 
2 6 7220 1444 12035 1637 4571 1569 
3 7 7938 5040 4045 12137 5086 10794 2086 
2 4 4045 2036 10807 4915 
2 3 8022 4979 10887 
2 6 12005 12822 12708 5157 11955 10794 
2 2 2086 11955 
2 2 2032 12708 
1 4 1908 7998 12041 10772 
1 6 10794 9951 1377 12777 12786 2005 
1 2 12137 1377 
2 6 4245 10077 4644 7593 7537 4544 
2 3 7938 5055 12137 
1 6 5055 12786 10751 1541 10361 7475 
4 3 4245 12050 7124 
1 6 7124 4616 7662 7565 7475 7537 
1 5 7565 10389 10349 7455 1525 
1 4 4616 10443 10389 12338 
2 7 3962 7532 10444 10512 12421 1642 4576 
2 5 12421 7595 1512 4646 1642 
2 2 10512 12493 
5 4 7169 12056 3848 6994 
5 6 7169 1024 4118 7016 993 1182 
4 7 1117 11930 4067 1063 9865 6994 9859 
2 3 1117 4122 4118 
4 3 4067 4153 1024 
3 2 7169 4067 
2 4 1063 12056 9807 6870 
5 3 1117 12007 10128 
5 5 10128 10015 11908 1097 1182 
5 6 10128 10032 7102 1067 11960 7072 
5 8 1182 9998 7157 7087 12097 10125 4172 1067 
2 3 1182 4188 4184 
4 7 7072 12031 7212 11946 1092 10052 11985 
4 6 11960 1136 9985 10055 1167 7145 
3 4 7145 1191 7050 11985 
1 3 7212 4197 1167 
2 2 12031 1136 
5 3 993 1097 9998 
2 5 10125 4142 4054 1051 7072 
2 2 1067 4142 
3 4 7046 4179 4094 9965 
2 2 4179 7197 
5 3 1025 7110 9950 
4 6 7110 4164 11925 12006 1183 4102 
2 7 4102 11949 1020 7178 10092 4027 1025 
1 2 11925 10092 
4 2 9955 4096 
4 7 4056 4086 1081 10115 1100 7221 7125 
4 5 7125 12040 11915 10065 4052 
1 6 1054 12060 4086 12089 7121 4056 
2 5 11948 10110 4126 11977 10115 
3 5 7125 9981 848 10083 6928 
1 2 848 11958 
2 5 4052 9790 912 11835 6981 
2 8 6928 3981 3852 6922 959 6822 898 6944 
3 7 1150 3783 964 11764 9781 987 11771 
1 3 11906 9766 783 
1 4 10433 7523 11864 9913 
1 2 8152 12993 
3 8 3706 4765 4877 7761 1737 7853 4413 1408 
2 5 3010 7787 3706 1262 1857 
2 6 7853 7677 12578 7820 1262 7718 
3 5 12603 3769 10552 7718 3706 
3 3 12603 1788 3721 
4 3 3721 12688 4872 
4 5 4872 4426 4875 1769 7899 
3 7 7899 4775 10718 1782 4869 7366 9467 
2 4 3010 6754 1347 7761 
2 5 3010 515 6726 9669 4739 
2 5 3721 12593 12663 3481 4739 
2 4 9669 11440 3769 7883 
2 4 4413 4428 10157 7315 
2 2 12578 10693 
2 5 4872 1873 11667 12597 10618 
2 3 12593 10656 3481 
5 3 4345 4270 3778 
4 7 3778 6630 3608 605 11569 6797 3775 
4 4 11654 749 3763 3775 
4 6 3763 774 722 9711 9724 6710 
2 6 3775 9583 9585 11728 3640 9467 
3 7 9467 6510 6676 9634 3661 3635 3778 
2 3 3661 3608 11567 
4 3 4345 7345 7289 
3 4 4345 9601 7291 12149 
2 7 7289 10230 12202 10318 1282 4342 4285 
1 7 4285 1424 7304 7644 7361 1354 4623 
1 5 4285 12289 634 4362 12291 
1 4 1424 4432 7379 4305 
1 3 12291 4305 4422 
1 2 12289 4432 
1 6 12291 1284 7433 10320 4417 7289 
2 5 9467 12278 12582 5205 751 
4 7 1734 12693 12597 3719 1752 10709 4759 
4 2 6752 12693 
2 7 751 4854 10599 9678 1849 7776 1734 
5 5 3513 12183 7865 10687 12673 
5 5 12673 4747 10155 7442 7315 
4 4 7315 7386 10271 3513 
4 2 3513 12211 
5 5 12673 4778 3781 6742 1736 
4 6 7865 12553 9616 10556 1789 12535 
5 6 1736 4741 1851 7760 1767 6722 
5 8 6722 12566 1836 4772 10685 10618 6752 1866 
4 2 3719 10685 
4 4 1736 7779 4860 10593 
4 5 1857 11712 4860 12585 1851 
4 7 12673 1690 10693 1832 4838 1854 1857 
4 6 1857 10593 10624 4863 7883 4759 
2 2 10709 1836 
5 3 9671 3678 6699 
5 8 9814 9855 9911 4518 6876 6694 6699 9713 
4 9 3513 4328 4274 10151 3471 6665 3588 9697 9713 
5 7 9713 710 4607 12399 10591 10651 4865 
5 6 4569 1621 12361 10717 7834 1352 
5 7 1352 1753 10532 4871 12570 12642 10588 
5 7 10588 1658 6887 1756 4742 10662 4865 
5 6 4569 12305 7626 1604 12437 1595 
4 4 9814 11757 7517 1562 
4 7 9814 10483 11795 823 7986 10783 3834 
4 5 1736 10672 12535 10582 4865 
4 7 10483 10387 4657 4799 7879 12699 10662 
2 4 4799 12425 4521 12399 
4 8 10894 4955 8064 12875 1915 9920 3960 10778 
3 5 12782 6987 5061 2060 12835 
2 4 10337 12410 4884 2042 
4 5 4569 4449 4540 4625 1646 
4 11 1646 4444 12489 12458 7485 5001 6968 10778 10861 5022 1927 
4 9 10717 1564 1534 2043 1618 6803 8025 2082 9920 
4 8 10387 12303 4727 11814 12765 6897 1972 4975 
2 4 3834 853 1793 12765 
2 3 853 8115 4727 
4 5 4975 10642 12627 10588 1827 
4 7 4975 12684 10867 12893 3972 10702 10798 
4 7 12341 5022 7836 12875 12301 9773 10867 
2 3 4955 12720 10867 
4 6 10740 3867 8070 12684 2102 9908 
4 8 9920 5085 11743 9822 10798 11802 4740 7892 
4 7 9908 12624 4586 10340 12024 7892 1352 
4 9 10798 7904 1806 2043 4567 4597 10477 1646 7797 
5 5 12305 7831 10586 7615 7797 
5 7 7552 1453 10449 10410 4510 7464 7797 
4 6 12535 7888 12633 12561 10640 4723 
5 7 1827 7780 11772 4830 3855 7852 12586 
4 4 7780 4723 4760 4830 
4 5 4723 4794 10711 7814 1851 
4 4 5001 12401 1528 12313 
4 6 10778 4577 12401 7555 7599 10449 
4 7 7852 12516 7840 7745 1747 10587 7760 
4 6 10666 12646 12577 1867 9880 1866 
2 5 1747 3750 7862 4880 1867 
5 9 12586 10666 1770 12418 7306 10478 11589 12312 9450 
5 5 10717 10391 10333 9892 12586 
4 5 7834 4757 10676 3708 7852 
5 9 7834 10391 7449 4590 1527 10339 6737 12368 9450 
5 6 12305 10457 12497 7611 9682 9450 
5 7 1866 1719 3699 10526 10341 12456 12312 
5 3 9450 12357 12456 
5 7 10391 10516 1678 12418 4691 4807 1866 
5 6 4807 1831 9910 7306 7539 7449 
5 4 7449 7607 1523 4569 
4 6 1564 1441 12463 7586 4625 7797 
5 7 9450 6713 11641 695 691 11656 6710 
4 5 6710 11669 3766 11731 10233 
4 6 10233 7420 9747 11714 11685 11641 
4 4 11685 9684 6769 6710 
5 7 6713 9654 11637 689 3685 9825 6890 
5 5 6890 882 3687 6707 11654 
4 6 1572 12439 866 10489 9834 1843 
5 6 7202 10047 11927 10051 7083 7045 
5 6 7045 3925 11841 3823 873 3957 
4 3 3925 11738 788 
4 5 10051 1132 4168 11783 3925 
5 7 3957 6984 9758 6845 11782 6882 3878 
5 7 3878 9847 6909 9832 11830 3906 6732 
4 4 6732 3712 3732 7462 
2 3 7462 12459 10318 
5 5 3878 6911 3806 9693 1436 
5 6 11654 734 3733 3702 9708 1436 
4 5 7345 3602 9754 6916 9708 
4 5 3806 11665 10381 11662 7345 
5 4 3806 718 715 6732 
2 5 7289 7629 4445 3715 3712 
2 4 7629 10481 6719 7462 
4 6 6909 9850 908 718 9675 4445 
5 9 11654 9664 11680 11650 894 3897 891 3693 6882 
4 6 3702 6717 3897 9820 6869 6845 
4 8 9664 9836 702 6872 9804 3847 822 6984 
4 6 11800 11789 11769 11758 6929 3957 
4 8 6845 3824 11785 9804 847 3850 880 11800 
5 3 6890 4442 11800 
5 4 11800 6705 9662 6707 
5 9 11800 9808 6874 3853 659 11791 870 9653 6713 
5 4 6713 4437 4531 1595 
5 5 9682 10461 1655 4508 1604 
4 6 1604 11635 10727 4402 12670 12501 
4 7 7797 10615 1987 12501 10281 1758 10909 
5 8 1595 9796 831 11776 9775 6855 827 9808 
5 6 4601 11776 11760 659 3685 11656 
5 3 1595 4527 4601 
5 3 9796 9810 11791 
5 2 659 9825 
5 2 659 6855 
4 6 971 10441 7588 7646 10343 3823 
4 3 6855 9760 971 
5 3 4601 11890 971 
4 7 971 7528 3829 801 9923 9789 11769 
4 6 11890 4452 9727 1582 913 7791 
5 5 7791 10909 968 9996 12384 
4 6 11841 10412 9931 12445 10081 7138 
4 6 11927 7138 10495 7643 7791 10657 
5 8 12384 638 10394 1485 7527 4491 7138 7083 
4 6 4601 1445 12568 1582 10657 1758 
4 7 7552 7524 4464 7668 7480 10520 10352 
4 5 10352 7640 12325 1433 12381 
4 2 1433 1480 
4 4 1433 12470 10492 12384 
4 3 7527 3994 1547 
4 4 638 7118 10465 11975 
4 4 10492 7583 860 492 
4 5 492 4756 1615 4650 10449 
4 5 10352 11942 492 7422 12735 
4 6 9996 4594 12735 1587 11717 4510 
4 4 12735 10192 10824 12501 
4 3 10192 10753 10615 
4 5 4756 4622 8110 11717 7464 
4 4 4510 10355 7543 12489 
1 6 10889 2021 12867 4904 12715 4965 
1 2 6499 3410 
1 2 9706 3548 
1 2 9468 3434 
2 4 10068 12043 1052 3900 
