1 14 
1 46 
1 81 
1 83 
1 101 
1 111 
1 117 
1 121 
1 122 
1 124 
1 126 
1 130 
1 141 
1 179 
1 191 
1 192 
1 197 
1 221 
1 241 
1 271 
1 279 
1 285 
1 306 
1 307 
1 309 
1 310 
1 312 
1 317 
1 321 
1 351 
1 356 
1 360 
1 362 
1 377 
1 382 
1 383 
1 385 
1 391 
1 392 
1 394 
1 395 
1 399 
1 413 
1 418 
1 422 
1 425 
1 454 
1 462 
1 485 
1 488 
1 492 
1 495 
1 503 
1 512 
1 514 
1 516 
1 525 
1 526 
1 540 
1 552 
1 560 
1 564 
1 572 
1 575 
1 577 
1 583 
1 587 
1 592 
1 603 
1 619 
1 620 
1 650 
1 657 
1 663 
1 673 
1 678 
1 688 
1 689 
1 690 
1 692 
1 708 
1 719 
1 726 
1 732 
1 740 
1 758 
1 778 
1 782 
1 788 
1 819 
1 832 
1 854 
1 857 
1 858 
1 863 
1 875 
1 883 
1 885 
1 893 
1 911 
1 913 
1 925 
1 930 
1 933 
1 939 
1 949 
1 957 
1 958 
1 964 
1 970 
1 974 
1 976 
1 1025 
1 1047 
1 1048 
1 1052 
1 1054 
1 1065 
1 1068 
1 1069 
1 1071 
1 1086 
1 1092 
1 1097 
1 1108 
1 1117 
1 1132 
1 1136 
1 1145 
1 1150 
1 1176 
1 1182 
1 1185 
1 1238 
1 1273 
1 1278 
1 1292 
1 1321 
1 1330 
1 1349 
1 1377 
1 1384 
1 1387 
1 1403 
1 1408 
1 1415 
1 1454 
1 1459 
1 1468 
1 1488 
1 1492 
1 1509 
1 1519 
1 1528 
1 1534 
1 1550 
1 1572 
1 1573 
1 1591 
1 1595 
1 1597 
1 1599 
1 1628 
1 1639 
1 1646 
1 1648 
1 1652 
1 1747 
1 1794 
1 1801 
1 1806 
1 1814 
1 1821 
1 1827 
1 1833 
1 1843 
1 1866 
1 1896 
1 1939 
1 1965 
1 1996 
1 2005 
1 2012 
1 2036 
1 2046 
1 2050 
1 2065 
1 2086 
1 2087 
1 2089 
1 2097 
1 2120 
1 2152 
1 2182 
1 2196 
1 2197 
1 2210 
1 2211 
1 2213 
1 2227 
1 3010 
1 3021 
1 3022 
1 3025 
1 3083 
1 3101 
1 3122 
1 3134 
1 3138 
1 3140 
1 3151 
1 3152 
1 3187 
1 3189 
1 3190 
1 3203 
1 3205 
1 3211 
1 3230 
1 3231 
1 3254 
1 3262 
1 3273 
1 3277 
1 3288 
1 3295 
1 3296 
1 3320 
1 3325 
1 3326 
1 3335 
1 3338 
1 3350 
1 3369 
1 3379 
1 3380 
1 3392 
1 3393 
1 3403 
1 3448 
1 3456 
1 3458 
1 3463 
1 3473 
1 3499 
1 3501 
1 3509 
1 3516 
1 3519 
1 3521 
1 3522 
1 3529 
1 3530 
1 3535 
1 3536 
1 3544 
1 3547 
1 3548 
1 3561 
1 3568 
1 3569 
1 3578 
1 3580 
1 3581 
1 3583 
1 3585 
1 3588 
1 3594 
1 3618 
1 3641 
1 3652 
1 3653 
1 3658 
1 3663 
1 3670 
1 3671 
1 3672 
1 3673 
1 3686 
1 3707 
1 3719 
1 3734 
1 3735 
1 3768 
1 3775 
1 3778 
1 3780 
1 3796 
1 3798 
1 3816 
1 3820 
1 3834 
1 3870 
1 3874 
1 3878 
1 3881 
1 3882 
1 3892 
1 3900 
1 3902 
1 3914 
1 3924 
1 3926 
1 3933 
1 3938 
1 3945 
1 3951 
1 3957 
1 3960 
1 3962 
1 3973 
1 3988 
1 3992 
1 4014 
1 4046 
1 4052 
1 4056 
1 4062 
1 4073 
1 4075 
1 4076 
1 4093 
1 4098 
1 4100 
1 4102 
1 4108 
1 4109 
1 4110 
1 4111 
1 4135 
1 4159 
1 4161 
1 4204 
1 4206 
1 4245 
1 4274 
1 4285 
1 4345 
1 4354 
1 4425 
1 4464 
1 4506 
1 4512 
1 4516 
1 4518 
1 4543 
1 4569 
1 4572 
1 4604 
1 4608 
1 4619 
1 4640 
1 4641 
1 4652 
1 4677 
1 4696 
1 4709 
1 4723 
1 4725 
1 4739 
1 4740 
1 4759 
1 4797 
1 4801 
1 4860 
1 4865 
1 4872 
1 4879 
1 4908 
1 4915 
1 4923 
1 4948 
1 4956 
1 4972 
1 4975 
1 4987 
1 5001 
1 5005 
1 5010 
1 5015 
1 5021 
1 5033 
1 5105 
1 5112 
1 5117 
1 5121 
1 5131 
1 5160 
1 5168 
1 5199 
1 5210 
1 5228 
1 5230 
1 5231 
1 5291 
1 6050 
1 6082 
1 6101 
1 6103 
1 6115 
1 6124 
1 6137 
1 6174 
1 6222 
1 6237 
1 6241 
1 6245 
1 6249 
1 6262 
1 6269 
1 6278 
1 6282 
1 6290 
1 6296 
1 6305 
1 6314 
1 6318 
1 6325 
1 6328 
1 6332 
1 6335 
1 6338 
1 6364 
1 6373 
1 6375 
1 6377 
1 6380 
1 6384 
1 6389 
1 6390 
1 6398 
1 6408 
1 6412 
1 6418 
1 6420 
1 6445 
1 6449 
1 6458 
1 6464 
1 6469 
1 6474 
1 6483 
1 6486 
1 6488 
1 6496 
1 6499 
1 6506 
1 6510 
1 6521 
1 6529 
1 6535 
1 6536 
1 6557 
1 6558 
1 6560 
1 6562 
1 6568 
1 6570 
1 6573 
1 6583 
1 6593 
1 6598 
1 6606 
1 6613 
1 6626 
1 6647 
1 6652 
1 6657 
1 6666 
1 6675 
1 6679 
1 6682 
1 6700 
1 6702 
1 6706 
1 6710 
1 6711 
1 6712 
1 6724 
1 6732 
1 6734 
1 6756 
1 6766 
1 6780 
1 6785 
1 6788 
1 6807 
1 6812 
1 6814 
1 6831 
1 6832 
1 6837 
1 6845 
1 6855 
1 6880 
1 6882 
1 6890 
1 6891 
1 6902 
1 6906 
1 6923 
1 6928 
1 6933 
1 6934 
1 6936 
1 6957 
1 6969 
1 6973 
1 6981 
1 6983 
1 6984 
1 6994 
1 7005 
1 7011 
1 7014 
1 7069 
1 7072 
1 7081 
1 7087 
1 7097 
1 7100 
1 7101 
1 7102 
1 7110 
1 7125 
1 7132 
1 7137 
1 7138 
1 7151 
1 7162 
1 7167 
1 7169 
1 7183 
1 7186 
1 7191 
1 7197 
1 7202 
1 7212 
1 7213 
1 7222 
1 7228 
1 7236 
1 7244 
1 7260 
1 7265 
1 7274 
1 7301 
1 7315 
1 7329 
1 7340 
1 7361 
1 7375 
1 7381 
1 7388 
1 7391 
1 7394 
1 7408 
1 7418 
1 7433 
1 7446 
1 7476 
1 7477 
1 7480 
1 7500 
1 7502 
1 7520 
1 7552 
1 7564 
1 7566 
1 7574 
1 7597 
1 7602 
1 7620 
1 7621 
1 7622 
1 7624 
1 7630 
1 7642 
1 7646 
1 7651 
1 7656 
1 7660 
1 7661 
1 7663 
1 7669 
1 7757 
1 7787 
1 7797 
1 7798 
1 7859 
1 7938 
1 7940 
1 7959 
1 7969 
1 7986 
1 8003 
1 8007 
1 8010 
1 8011 
1 8032 
1 8049 
1 8057 
1 8087 
1 8097 
1 8113 
1 8123 
1 8124 
1 8143 
1 8144 
1 8181 
1 8186 
1 8187 
1 8189 
1 8193 
1 8214 
1 8215 
1 8216 
1 8222 
1 8245 
1 8252 
1 9073 
1 9075 
1 9096 
1 9098 
1 9108 
1 9131 
1 9132 
1 9147 
1 9151 
1 9181 
1 9182 
1 9197 
1 9201 
1 9206 
1 9209 
1 9216 
1 9221 
1 9258 
1 9262 
1 9269 
1 9279 
1 9288 
1 9289 
1 9292 
1 9297 
1 9303 
1 9304 
1 9315 
1 9329 
1 9335 
1 9340 
1 9347 
1 9355 
1 9379 
1 9383 
1 9392 
1 9394 
1 9417 
1 9418 
1 9427 
1 9428 
1 9434 
1 9450 
1 9458 
1 9461 
1 9477 
1 9481 
1 9483 
1 9490 
1 9494 
1 9495 
1 9503 
1 9508 
1 9511 
1 9515 
1 9517 
1 9522 
1 9523 
1 9536 
1 9541 
1 9547 
1 9559 
1 9566 
1 9569 
1 9570 
1 9602 
1 9606 
1 9612 
1 9616 
1 9617 
1 9620 
1 9627 
1 9628 
1 9638 
1 9642 
1 9648 
1 9660 
1 9665 
1 9671 
1 9680 
1 9689 
1 9692 
1 9709 
1 9710 
1 9713 
1 9716 
1 9727 
1 9748 
1 9753 
1 9764 
1 9767 
1 9771 
1 9777 
1 9783 
1 9814 
1 9815 
1 9817 
1 9824 
1 9832 
1 9833 
1 9837 
1 9840 
1 9843 
1 9853 
1 9869 
1 9878 
1 9893 
1 9894 
1 9897 
1 9898 
1 9904 
1 9907 
1 9908 
1 9909 
1 9914 
1 9943 
1 9945 
1 9950 
1 9951 
1 9958 
1 9970 
1 9974 
1 9975 
1 9976 
1 9989 
1 9990 
1 9994 
1 9998 
1 10000 
1 10001 
1 10024 
1 10031 
1 10032 
1 10056 
1 10062 
1 10068 
1 10070 
1 10074 
1 10076 
1 10088 
1 10106 
1 10125 
1 10137 
1 10162 
1 10172 
1 10201 
1 10202 
1 10224 
1 10246 
1 10256 
1 10265 
1 10278 
1 10284 
1 10297 
1 10327 
1 10329 
1 10337 
1 10344 
1 10362 
1 10387 
1 10397 
1 10400 
1 10404 
1 10412 
1 10418 
1 10424 
1 10433 
1 10444 
1 10447 
1 10449 
1 10472 
1 10513 
1 10523 
1 10573 
1 10616 
1 10624 
1 10627 
1 10648 
1 10671 
1 10696 
1 10697 
1 10717 
1 10735 
1 10737 
1 10740 
1 10747 
1 10756 
1 10760 
1 10772 
1 10798 
1 10801 
1 10830 
1 10837 
1 10840 
1 10876 
1 10886 
1 10887 
1 10909 
1 10929 
1 10935 
1 10946 
1 10968 
1 10980 
1 10997 
1 10998 
1 10999 
1 11091 
1 11105 
1 11109 
1 11114 
1 11120 
1 11121 
1 11127 
1 11136 
1 11159 
1 11161 
1 11190 
1 11202 
1 11215 
1 11218 
1 11219 
1 11220 
1 11225 
1 11229 
1 11234 
1 11241 
1 11248 
1 11254 
1 11279 
1 11293 
1 11297 
1 11301 
1 11305 
1 11330 
1 11331 
1 11333 
1 11344 
1 11349 
1 11351 
1 11360 
1 11370 
1 11372 
1 11375 
1 11380 
1 11382 
1 11388 
1 11399 
1 11401 
1 11405 
1 11408 
1 11411 
1 11417 
1 11418 
1 11430 
1 11431 
1 11432 
1 11437 
1 11446 
1 11464 
1 11465 
1 11467 
1 11474 
1 11479 
1 11483 
1 11494 
1 11499 
1 11504 
1 11506 
1 11516 
1 11519 
1 11523 
1 11531 
1 11535 
1 11539 
1 11542 
1 11544 
1 11548 
1 11560 
1 11561 
1 11563 
1 11564 
1 11581 
1 11584 
1 11586 
1 11590 
1 11598 
1 11606 
1 11610 
1 11623 
1 11654 
1 11659 
1 11666 
1 11670 
1 11673 
1 11677 
1 11683 
1 11688 
1 11696 
1 11699 
1 11707 
1 11746 
1 11747 
1 11751 
1 11752 
1 11771 
1 11773 
1 11800 
1 11805 
1 11814 
1 11818 
1 11825 
1 11829 
1 11833 
1 11834 
1 11837 
1 11842 
1 11846 
1 11853 
1 11866 
1 11877 
1 11885 
1 11899 
1 11913 
1 11921 
1 11925 
1 11948 
1 11952 
1 11960 
1 11964 
1 11968 
1 11969 
1 11975 
1 11976 
1 11977 
1 11985 
1 11998 
1 11999 
1 12007 
1 12010 
1 12038 
1 12044 
1 12049 
1 12055 
1 12068 
1 12071 
1 12080 
1 12118 
1 12128 
1 12137 
1 12182 
1 12189 
1 12211 
1 12268 
1 12299 
1 12320 
1 12333 
1 12338 
1 12357 
1 12364 
1 12384 
1 12406 
1 12421 
1 12432 
1 12441 
1 12446 
1 12473 
1 12501 
1 12535 
1 12583 
1 12586 
1 12589 
1 12594 
1 12603 
1 12604 
1 12627 
1 12691 
1 12696 
1 12708 
1 12727 
1 12735 
1 12738 
1 12753 
1 12758 
1 12763 
1 12766 
1 12781 
1 12782 
1 12798 
1 12806 
1 12810 
1 12823 
1 12835 
1 12865 
1 12910 
1 12930 
1 12942 
1 12977 
1 12994 
1 12997 
1 13011 
1 13086 
1 13087 
1 13089 
1 13225 
1 13230 
