
state={
	id=400
	name="STATE_400"
	resources={
		
	}

	history={
		owner = SOV
		buildings = {
			infrastructure = 1
			industrial_complex = 3
		}
		add_core_of = SOV
		add_core_of = RUS
		victory_points = {
			6124 1
		}
	}

	provinces={
		12 23 31 45 73 88 97 106 112 119 135 143 146 175 196 256 270 272 359 368 3004 3017 3041 3056 3066 3087 3091 3099 3102 3103 3112 3135 3139 3146 3167 3177 3186 3245 3261 3264 3349 3363 6077 6089 6110 6112 6113 6119 6124 6133 6149 6158 6162 6171 6180 6190 6191 6213 6215 6274 6288 6383 9033 9043 9050 9065 9114 9133 9136 9146 9155 9159 9172 9180 9192 9200 9210 9214 9222 9232 9291 9358 9368 9370 10200 11025 11027 11035 11051 11075 11087 11110 11124 11133 11134 11143 11149 11158 11170 11180 11192 11193 11275 11340 11354 
	}
	manpower = 2115475
	buildings_max_level_factor=1.000
	state_category=town
	local_supplies = 0.0 
}
